%YAML:1.2
...
---
matrix: !!opencv-matrix
  rows: 3
  cols: 3
  dt: d
  data: [ 1.1188875425226986e+03, 0., 3.4524009124430353e+02, 0.,
          1.1200718840172026e+03, 2.4207806400600344e+02, 0., 0., 1. ]
dist_coeffs: !!opencv-matrix
  rows: 5
  cols: 1
  dt: d
  data: [ -3.6943518278806631e-01, 1.0550180318569851e+00,
          3.0581618778830711e-03, 8.8672401907659802e-05,
          -1.4199701514186023e+01 ]
...
---
matrix: !!opencv-matrix
  rows: 3
  cols: 3
  dt: d
  data: [ 5.9284463787248478e+02, 0., 2.9681833013957123e+02, 0.,
          5.9516859459429270e+02, 2.5847824894876840e+02, 0., 0., 1. ]
dist_coeffs: !!opencv-matrix
   rows: 1
   cols: 5
   dt: d
   data: [ -2.7774937729526600e-01, -4.2102255306765723e+00,
       -8.1091948946482252e-04, 1.0787338704691697e-03,
       9.0363202752914631e+01 ]
...
---
matrix: !!opencv-matrix
   rows: 3
   cols: 3
   dt: d
   data: [ 1.5397325560345244e+03, 0., 2.9084623075259339e+02, 0.,
       1.5421397806585976e+03, 2.2451028931801238e+02, 0., 0., 1. ]
dist_coeffs: !!opencv-matrix
   rows: 5
   cols: 1
   dt: d
   data: [ -2.6502913053120084e-02, -1.1785126670094845e+01,
       1.8709057532725671e-03, -7.0720026533151216e-03,
       3.3917821887994947e+01 ]
...
---
matrix: !!opencv-matrix
   rows: 3
   cols: 3
   dt: d
   data: [ 1.6653011476892243e+03, 0., 2.9949401290098723e+02, 0.,
       1.6623739477373863e+03, 1.7939956788060525e+02, 0., 0., 1. ]
dist_coeffs: !!opencv-matrix
   rows: 5
   cols: 1
   dt: d
   data: [ -5.0016412525621134e-01, 6.2085831918298648e+00,
       1.5304623672502307e-03, 5.9268242894016559e-04,
       -7.0315424667963725e+01 ]
...
---
matrix: !!opencv-matrix
   rows: 3
   cols: 3
   dt: d
   data: [ 1.5828482031094495e+03, 0., 3.4154952514940811e+02, 0.,
       1.5814905697573111e+03, 2.5914953698295301e+02, 0., 0., 1. ]
dist_coeffs: !!opencv-matrix
   rows: 5
   cols: 1
   dt: d
   data: [ -3.7886007073661992e-01, -7.4172530078721826e+00,
       -3.6606726348336048e-03, -7.7822278602333449e-04,
       2.7356203362812766e+02 ]
...
---
matrix: !!opencv-matrix
   rows: 3
   cols: 3
   dt: d
   data: [ 1.5874865588694759e+03, 0., 3.0605245517491005e+02, 0.,
       1.5845953834932284e+03, 2.2678518535702278e+02, 0., 0., 1. ]
dist_coeffs: !!opencv-matrix
   rows: 5
   cols: 1
   dt: d
   data: [ -3.9164666220172911e-01, 1.1585582493396041e+00,
       1.0009529083345762e-03, 1.2885394690207836e-03,
       -2.8624951351183398e+01 ]
...
---
matrix: !!opencv-matrix
   rows: 3
   cols: 3
   dt: d
   data: [ 9.6014819406373113e+02, 0., 3.1038110929599702e+02, 0.,
       9.6174747775808328e+02, 2.5883935933173137e+02, 0., 0., 1. ]
dist_coeffs: !!opencv-matrix
   rows: 5
   cols: 1
   dt: d
   data: [ -4.1722947580054620e-01, -5.1854030990757360e-01,
       2.2150318994558662e-03, 1.0072647056885686e-02,
       3.2523129507519588e+00 ]
...
---
matrix: !!opencv-matrix
   rows: 3
   cols: 3
   dt: d
   data: [ 9.6152475663317989e+02, 0., 2.8811882152029551e+02, 0.,
       9.6343866862127823e+02, 2.9952112073329835e+02, 0., 0., 1. ]
dist_coeffs: !!opencv-matrix
   rows: 5
   cols: 1
   dt: d
   data: [ -5.3691021634379299e-01, 2.3034151270406196e+00,
       -3.7026878880706670e-03, -8.2663062695996882e-04,
       -9.6594519978716882e+00 ]
...
---
matrix: !!opencv-matrix
   rows: 3
   cols: 3
   dt: d
   data: [ 9.7402319395020527e+02, 0., 2.9718729335927981e+02, 0.,
       9.7372094526591638e+02, 2.6518058645455801e+02, 0., 0., 1. ]
dist_coeffs: !!opencv-matrix
   rows: 5
   cols: 1
   dt: d
   data: [ -3.8603314794261184e-01, -3.5873390607026495e-01,
       2.0121715544995630e-04, -1.4643383268845738e-03,
       2.7395350368093916e+00 ]

...
---
matrix: !!opencv-matrix
   rows: 3
   cols: 3
   dt: d
   data: [ 1.3496264784335665e+03, 0., 7.0133220844370624e+02, 0.,
       1.3502877791017179e+03, 5.2735295557779511e+02, 0., 0., 1. ]
dist_coeffs: !!opencv-matrix
   rows: 5
   cols: 1
   dt: d
   data: [ -5.2729417315775728e-01, 1.0375255020032772e+00,
       -1.1707116502860683e-03, -3.0690857412624976e-03,
       -1.9045018646181906e+00 ]
...
---
matrix: !!opencv-matrix
   rows: 3
   cols: 3
   dt: d
   data: [ 1.7605457963750696e+03, 0., 7.5901390163957387e+02, 0.,
       1.7656378619016375e+03, 5.7616607662358615e+02, 0., 0., 1. ]
dist_coeffs: !!opencv-matrix
   rows: 5
   cols: 1
   dt: d
   data: [ -5.3219702784497325e-01, 4.2236189794645961e-02,
       -4.4338186102675838e-03, -3.1090669466380207e-04,
       5.4910833845282481e-01 ]
...
---
matrix: !!opencv-matrix
   rows: 3
   cols: 3
   dt: d
   data: [ 1.7807434459272274e+03, 0., 7.6960844596180380e+02, 0.,
       1.7803911790618981e+03, 5.6487728526850390e+02, 0., 0., 1. ]
dist_coeffs: !!opencv-matrix
   rows: 5
   cols: 1
   dt: d
   data: [ -5.6691061499538720e-01, 3.0166207045225391e-01,
       -1.6342028316591773e-03, -2.3022236689513101e-03,
       -1.8002283879374695e-01 ]
